6083637424074950440
16208132657630336028
2285014418660349293
4155001956532971988
14459545877247865771
14212405940754078180
6091811936994175965
8448789957289401294
17093947278511025564
17061943465705415271
12995420549537071231
16103092055305933704
17324146350084124195
17011640156667054180
13766606963106440036
9555260495373226882
15372068709990042206
8758824796030260242
11850122237163350937
888268765738750363
3925268797704768866
13194504476707991180
7976461731777239389
3417220200568653629
8967390418875536615
10655009213212738242
6569974711295690089
6970666140522745214
11496966594268982317
6660383058750439341
9588240217099142378
18291679442162788626
9132202937422088278
7912837537994932778
10698610128941611471
1488676706966733882
17906018306221048271
13338010307478417492
16027380898537545761
9057573318257453830
9327223141218939725
17699158152506210103
3284367893772467323
953659651321951394
3788452313572966294
15641735887107659480
419177938638123426
9507965506225599917
5096392224055631248
14539459985982338758
16582400973129523983
9579134963375520473
12349910192073282033
11671618988137324538
6457497216670000125
10474074811929349279
14074218063619716396
8453698981435284499
14543146165357663097
16789538323666562853
5024978189907586004
14717479184903010206
10268252517502970415
12141265281724939279
10059779483743419327
2213175445297572493
8620208878791644407
4969932881124253259
17943385732375283515
2593730601969955519
8562499401449911244
10982552536595074125
6688598332873669196
10349287880248909549
10176837628675149269
7907101774724097479
1243184669300916490
16806168723480809423
13743715714046453309
7210041211064309714
8576404625518164527
295571224282797294
13394595345857471439
9668854175679130618
4161422741008258375
16907360162516610992
14338469788918892747
16314059670668525922
15311686723808458194
4880420137477463942
3203937051563676794
6436486695648584287
4511331402295709540
954317821811668457
2099747564484895194
17164843854590581573
17277937027991704032
13308834354739046675
13387673881077849057
4688140824983747090
