  4 12 15  2 11  3  5  8  1 13  6 10  7 14  9
  6  1  4  9  5  2 13 15  7  8 11  3 10 14 12
  3  4 15  1 10 13  6  5  8 11  9 12 14  2  7
  9 11  2 14  4  5 15 10  3  6 12  8  1  7 13
 15  9  2  3 11 10 13  5  7  6  1 14  4 12  8
  4 11  2  6  7  1  9  8 12 14  3 15 13 10  5
  3 11  2 13  9  1  8  7 15 14  5  4  6 10 12
  2  1  3  5  8 14 12  4 13  6  7 15 10  9 11
  5  6 10 11  8  7  3  2 13  4 14  1  9 15 12
  2  5  4 11 15  1  7 14 12  9  6 13  8 10  3
  4 11  2  1 10  9 15  7  5  8  3 13  6 12 14
  3  8  7  9  4  6 15  5  2  1 10 11 14 12 13
  1  8 15  9 13 11 10  4  7  2  5  3 12 14  6
 13  4 10  5  2  1 11  7  6  3 15 14  8  9 12
  4 15  7  6 14 10  2  1 13  8  3  5 11  9 12
  6 15  7 13  9  3  5 10 12 14  4  2  8  1 11
  4  8 11 15  1  9  2 12  6 14  5 13  7 10  3
 11  9  3 12 14  7 15  4 10  8  5  6 13  1  2
  4  3 13 14  2  7 15  6  5  9 10 12  1 11  8
 12 15  6  7 11 10 14  2  5  9  1  4 13  3  8