25 75 75 76 38 62 38 59 14 13 46 31 57 92  3
67  5 11 11 40 34 77 42 35 96 22 55 21 29 16
22 98  8 35 59 31 13 46 52 22 18 19 64 29 70
99 42  2 35 11 92 88 97 21 56 17 43 27 19 23
50  5 59 71 47 39 82 35 12  2 39 42 52 65 35
48 57  5  2 60 64 86  3 51 26 34 39 45 63 54
40 43 50 71 46 99 67 34  6 95 67 54 29 30 60
59  3 85  6 46 49  5 82 18 71 48 79 62 65 76
65 55 81 15 32 52 97 69 82 89 69 87 22 71 63
70 74 52 94 14 81 24 14 32 39 67 59 18 77 50
18  6 96 53 35 99 39 18 14 90 64 81 89 48 80
44 75 12 13 74 59 71 75 30 93 26 30 84 91 93
39 56 13 29 55 69 26  7 55 48 22 46 50 96 17
57 14  8 13 95 53 78 24 92 90 68 87 43 75 94
93 92 18 28 27 40 56 83 51 15 97 48 53 78 39
47 34 42 28 11 11 30 14 10  4 20 92 19 59 28
69 82 64 40 27 82 27 43 56 17 18 20 98 43 68
84 26 87 61 95 23 88 89 49 84 12 51  3 44 20
43 54 18 72 70 28 20 22 59 36 85 13 73 29 45
7 97  4 22 74 45 62 95 66 14 40 23 79 34  8